local Library = loadstring(game:HttpGet("https://raw.githubusercontent.com/Robojini/Tuturial_UI_Library/main/UI_Template_1"))()

local Window = Library.CreateLib("Build A Boat For Treasure Script V0.1 (AndRelpHUB)", "RJTheme3")

local Tab = Window:NewTab("Main")

local Section = Tab:NewSection("Main")

Section:NewButton("Farm (Read Info)>", "impossible to disable until you leave & die by water!", function()
while true do
game.Players.LocalPlayer.Character.HumanoidRootPart.CFrame = CFrame.new(-64.9543762, 102.667282, 1343.93884, -0.996727228, -0.027553238, 0.0759973302, -0.0431782641, 0.976238132, -0.212355226, -0.0683404207, -0.214941666, -0.974232852)
wait(0.25)
game.Players.LocalPlayer.Character.HumanoidRootPart.CFrame = CFrame.new(-64.5901489, 98.7435455, 1457.8324, -0.99854058, -0.0497116931, -0.0211059991, -0.0388935767, 0.933065534, -0.3575975, 0.0374700576, -0.356254727, -0.933637261)
wait(0.25)
game.Players.LocalPlayer.Character.HumanoidRootPart.CFrame = CFrame.new(-62.8841629, 80.8822708, 2087.271, -0.99883014, -0.0258676447, 0.04085638, -0.0389097445, 0.931592822, -0.361415118, -0.0287125502, -0.362582028, -0.931509435)
wait(0.15)
game.Players.LocalPlayer.Character.HumanoidRootPart.CFrame = CFrame.new(-70.4394684, 81.0650482, 2223.01489, -0.998589516, -0.0494686067, -0.0192837324, -0.0394181311, 0.934063375, -0.354925126, 0.0355698802, -0.353664398, -0.93469584)
wait(0.15)
game.Players.LocalPlayer.Character.HumanoidRootPart.CFrame = CFrame.new(-64.1598892, 52.0172768, 2870.42163, -0.997789264, -0.0562442504, -0.0353999659, -0.0381196402, 0.920705795, -0.388391256, 0.0544377305, -0.386183202, -0.920814335)
wait(0.15)
game.Players.LocalPlayer.Character.HumanoidRootPart.CFrame = CFrame.new(-63.4343147, 54.7777939, 2954.34741, -0.998723865, -0.0478475764, -0.0161641017, -0.0387912206, 0.931697965, -0.361156732, 0.032340534, -0.360068798, -0.932365)
wait(0.15)
game.Players.LocalPlayer.Character.HumanoidRootPart.CFrame = CFrame.new(-63.4342346, 54.7766037, 2954.3501, -0.998717129, -0.0480076186, -0.0161037724, -0.0387737937, 0.929584265, -0.366564751, 0.0325677134, -0.365470111, -0.930253148)
wait(0.15)
game.Players.LocalPlayer.Character.HumanoidRootPart.CFrame = CFrame.new(-56.8336983, 62.1694984, 3633.12695, -0.99909538, -0.042503491, -0.00136825384, -0.0391758904, 0.932439327, -0.359196603, 0.0165429227, -0.358818054, -0.933260918)
wait(0.15)
game.Players.LocalPlayer.Character.HumanoidRootPart.CFrame = CFrame.new(-58.0109138, 64.0644226, 3738.10596, -0.999111772, -0.0421110876, -0.00153000478, -0.0384405181, 0.925697386, -0.376306623, 0.0172630027, -0.37591356, -0.926493943)
wait(0.15)
game.Players.LocalPlayer.Character.HumanoidRootPart.CFrame = CFrame.new(-62.5163765, 71.1405716, 4414.01807, -0.996834517, -0.0618065707, -0.0500088148, -0.0382242016, 0.92411536, -0.380196929, 0.0697125867, -0.377081871, -0.923552632)
wait(0.15)
game.Players.LocalPlayer.Character.HumanoidRootPart.CFrame = CFrame.new(-53.9119987, 53.8232994, 4482.81787, -0.998984516, -0.0446555056, -0.00598602602, -0.0407576226, 0.952318072, -0.302372515, 0.0192031991, -0.30182147, -0.953171015)
wait(0.25)
game.Players.LocalPlayer.Character.HumanoidRootPart.CFrame = CFrame.new(-61.1006851, 38.3606606, 5183.38281, -0.99723208, -0.0217919704, 0.0710862651, -0.0410284661, 0.958626866, -0.281693488, -0.0620065443, -0.283830345, -0.956867576)
wait(0.15)
game.Players.LocalPlayer.Character.HumanoidRootPart.CFrame = CFrame.new(-66.2425079, 36.0602951, 5251.1416, -0.999214709, -0.0377512872, 0.0120326169, -0.0395995453, 0.941135526, -0.335702032, 0.00134886068, -0.33591488, -0.941891372)
wait(0.15)
game.Players.LocalPlayer.Character.HumanoidRootPart.CFrame = CFrame.new(-76.8320465, 27.258934, 5939.04102, -0.999072313, -0.0429724045, -0.0028050337, -0.0392057151, 0.934580326, -0.353585184, 0.0178159345, -0.353147179, -0.935398102)
wait(0.15)
game.Players.LocalPlayer.Character.HumanoidRootPart.CFrame = CFrame.new(-77.8765106, 26.6308975, 6037.04102, -0.999059558, -0.0432756357, -0.00268386072, -0.0395139605, 0.934205532, -0.35454005, 0.0178502239, -0.354100585, -0.935036957)
wait(0.05)
game.Players.LocalPlayer.Character.HumanoidRootPart.CFrame = CFrame.new(-75.6645355, 23.3433533, 6702.0415, -0.998187602, -0.0527445413, -0.0289741866, -0.0390863158, 0.934322596, -0.354278892, 0.0457575172, -0.352504313, -0.934690833)
wait(0.05)
game.Players.LocalPlayer.Character.HumanoidRootPart.CFrame = CFrame.new(-73.8492966, 22.9531193, 6807.04248, -0.998192787, -0.0526172258, -0.0290277936, -0.0387650877, 0.932912648, -0.358010173, 0.0459178984, -0.356237918, -0.933266342)
wait(0.05)
game.Players.LocalPlayer.Character.HumanoidRootPart.CFrame = CFrame.new(-64.575058, 9.5275631, 7490.75732, -0.998830378, -0.046662163, -0.0126703177, -0.0384020321, 0.924797356, -0.378516972, 0.0293798968, -0.377587676, -0.925507605)
wait(0.05)
game.Players.LocalPlayer.Character.HumanoidRootPart.CFrame = CFrame.new(-64.5895004, 11.5945244, 7585.75781, -0.998817384, -0.0469725765, -0.01254794, -0.0385967381, 0.922993481, -0.382875025, 0.0295662936, -0.381937921, -0.923714936)
wait(0.05)
game.Players.LocalPlayer.Character.HumanoidRootPart.CFrame = CFrame.new(-67.8569565, 23.9064674, 8253.62305, -0.998056531, -0.0530701391, -0.0326610692, -0.0401174352, 0.948271811, -0.314914584, 0.0476841293, -0.312992275, -0.948557913)
wait(0.05)
game.Players.LocalPlayer.Character.HumanoidRootPart.CFrame = CFrame.new(-65.6976852, 18.7769108, 8366.42578, -0.998761296, -0.0476464033, -0.0143413981, -0.0377563611, 0.913425744, -0.405250371, 0.0324085243, -0.404206902, -0.914093256)
wait(0.05)
game.Players.LocalPlayer.Character.HumanoidRootPart.CFrame = CFrame.new(-59.3958473, -360.179321, 9358.83789, -0.99983871, 8.74086794e-08, -0.0179584753, 8.58527969e-08, 1, 8.74086794e-08, 0.0179584753, 8.58527969e-08, -0.99983871)
wait(0.05)
game.Players.LocalPlayer.Character.HumanoidRootPart.CFrame = CFrame.new(-57.8129921, -360.179321, 9487.99219, -0.999498248, 6.48723253e-09, -0.0316750854, 4.50412063e-09, 1, 6.26792982e-08, 0.0316750854, 6.25051797e-08, -0.999498248)
wait(1)
game.Players.LocalPlayer.Character.HumanoidRootPart.CFrame = CFrame.new(-57.9962883, -359.958557, 9490.76465, -0.998296678, 2.30167014e-08, 0.0583418719, 2.31203767e-08, 1, 1.10201925e-09, -0.0583418719, 2.44902809e-09, -0.998296678)
wait(18)
end
end)

local Tab = Window:NewTab("Player")

local Section = Tab:NewSection("Player Stats Changer")
Section:NewSlider("Gravity", "Where are you planning to fly?!", 300, 0, function(p)
    game.Workspace.Gravity = p
end)

Section:NewSlider("Speed", "A-Train?... RUNNING IS MY LIFE, SPEED... I AM SPEED!", 500, 16, function(s)
    game.Players.LocalPlayer.Character.Humanoid.WalkSpeed = s
end)

Section:NewButton("Invisiblity (tool)", "Ghost? YOU ARE GHOST???", function()
	local offset = 1100
local invisible = game.Players.LocalPlayer
local grips = {}
local heldTool
local gripChanged
local handle
local weld
function setDisplayDistance(distance)
    for _, player in pairs(game.Players:GetPlayers()) do
        if player.Character and player.Character:FindFirstChildWhichIsA("Humanoid") then
            player.Character:FindFirstChildWhichIsA("Humanoid").NameDisplayDistance = distance
            player.Character:FindFirstChildWhichIsA("Humanoid").HealthDisplayDistance = distance
        end
    end
end
local tool = Instance.new("Tool", game.Players.LocalPlayer.Backpack)
tool.Name = "Invisible"
tool.RequiresHandle = false
tool.CanBeDropped = false
tool.Equipped:Connect(
    function()
        wait()
        if not invisible then
            invisible = true
            tool.Name = "Enabled Invisible"
            if handle then
                handle:Destroy()
            end
            if weld then
                weld:Destroy()
            end
            handle = Instance.new("Part", workspace)
            handle.Name = "Handle"
            handle.Transparency = 1
            handle.CanCollide = false
            handle.Size = Vector3.new(2, 1, 1)
            weld = Instance.new("Weld", handle)
            weld.Part0 = handle
            weld.Part1 = game.Players.LocalPlayer.Character.HumanoidRootPart
            weld.C0 = CFrame.new(0, offset - 1.5, 0)
            setDisplayDistance(offset + 100)
            workspace.CurrentCamera.CameraSubject = handle
            game.Players.LocalPlayer.Character.HumanoidRootPart.CFrame = game.Players.LocalPlayer.Character.HumanoidRootPart.CFrame * CFrame.new(0, offset, 0)
            game.Players.LocalPlayer.Character.Humanoid.HipHeight = offset
            game.Players.LocalPlayer.Character.Humanoid:ChangeState(11)
            for _, child in pairs(game.Players.LocalPlayer.Backpack:GetChildren()) do
                if child:IsA("Tool") and child ~= tool then
                    grips[child] = child.Grip
                end
            end
        elseif invisible then
            invisible = false
            tool.Name = "Disabled Invisible"
            if handle then
                handle:Destroy()
            end
            if weld then
                weld:Destroy()
            end
            for _, child in pairs(game.Players.LocalPlayer.Character:GetChildren()) do
                if child:IsA("Tool") then
                    child.Parent = game.Players.LocalPlayer.Backpack
                end
            end
            for tool, grip in pairs(grips) do
                if tool then
                    tool.Grip = grip
                end
            end
            heldTool = nil
            setDisplayDistance(100)
            workspace.CurrentCamera.CameraSubject = game.Players.LocalPlayer.Character.Humanoid
            game.Players.LocalPlayer.Character.HumanoidRootPart.CFrame = game.Players.LocalPlayer.Character.HumanoidRootPart.CFrame * CFrame.new(0, -offset, 0)
            game.Players.LocalPlayer.Character.Humanoid.HipHeight = 0
        end
        tool.Parent = game.Players.LocalPlayer.Backpack
    end
)
game.Players.LocalPlayer.Character.ChildAdded:Connect(
    function(child)
        wait()
        if invisible and child:IsA("Tool") and child ~= heldTool and child ~= tool then
            heldTool = child
            local lastGrip = heldTool.Grip
            if not grips[heldTool] then
                grips[heldTool] = lastGrip
            end
            for _, track in pairs(game.Players.LocalPlayer.Character.Humanoid:GetPlayingAnimationTracks()) do
                track:Stop()
            end
            game.Players.LocalPlayer.Character.Animate.Disabled = true
            heldTool.Grip = heldTool.Grip * (CFrame.new(0, offset - 1.5, 1.5) * CFrame.Angles(math.rad(-90), 0, 0))
            heldTool.Parent = game.Players.LocalPlayer.Backpack
            heldTool.Parent = game.Players.LocalPlayer.Character
            if gripChanged then
                gripChanged:Disconnect()
            end
            gripChanged =
                heldTool:GetPropertyChangedSignal("Grip"):Connect(
                function()
                    wait()
                    if not invisible then
                        gripChanged:Disconnect()
                    end
                    if heldTool.Grip ~= lastGrip then
                        lastGrip =
                            heldTool.Grip * (CFrame.new(0, offset - 1.5, 1.5) * CFrame.Angles(math.rad(-90), 0, 0))
                        heldTool.Grip = lastGrip
                        heldTool.Parent = game.Players.LocalPlayer.Backpack
                        heldTool.Parent = game.Players.LocalPlayer.Character
                    end
                end
            )
        end
    end

)
end)

local Tab = Window:NewTab("Misc")


local Section = Tab:NewSection("Misc, just misc...")

Section:NewButton("Fling all", "YOU are MONSTER if you will USE THIS", function()
	local Targets = {"All"} -- "All", "Target Name", "arian_was_here"

local Players = game:GetService("Players")
local Player = Players.LocalPlayer

local AllBool = false

local GetPlayer = function(Name)
    Name = Name:lower()
    if Name == "all" or Name == "others" then
        AllBool = true
        return
    elseif Name == "random" then
        local GetPlayers = Players:GetPlayers()
        if table.find(GetPlayers,Player) then table.remove(GetPlayers,table.find(GetPlayers,Player)) end
        return GetPlayers[math.random(#GetPlayers)]
    elseif Name ~= "random" and Name ~= "all" and Name ~= "others" then
        for _,x in next, Players:GetPlayers() do
            if x ~= Player then
                if x.Name:lower():match("^"..Name) then
                    return x;
                elseif x.DisplayName:lower():match("^"..Name) then
                    return x;
                end
            end
        end
    else
        return
    end
end

local Message = function(_Title, _Text, Time)
    game:GetService("StarterGui"):SetCore("SendNotification", {Title = _Title, Text = _Text, Duration = Time})
end

local SkidFling = function(TargetPlayer)
    local Character = Player.Character
    local Humanoid = Character and Character:FindFirstChildOfClass("Humanoid")
    local RootPart = Humanoid and Humanoid.RootPart

    local TCharacter = TargetPlayer.Character
    local THumanoid
    local TRootPart
    local THead
    local Accessory
    local Handle

    if TCharacter:FindFirstChildOfClass("Humanoid") then
        THumanoid = TCharacter:FindFirstChildOfClass("Humanoid")
    end
    if THumanoid and THumanoid.RootPart then
        TRootPart = THumanoid.RootPart
    end
    if TCharacter:FindFirstChild("Head") then
        THead = TCharacter.Head
    end
    if TCharacter:FindFirstChildOfClass("Accessory") then
        Accessory = TCharacter:FindFirstChildOfClass("Accessory")
    end
    if Accessoy and Accessory:FindFirstChild("Handle") then
        Handle = Accessory.Handle
    end

    if Character and Humanoid and RootPart then
        if RootPart.Velocity.Magnitude < 50 then
            getgenv().OldPos = RootPart.CFrame
        end
        if THumanoid and THumanoid.Sit and not AllBool then
            return Message("Error Occurred", "Targeting is sitting", 5) -- u can remove dis part if u want lol
        end
        if THead then
            workspace.CurrentCamera.CameraSubject = THead
        elseif not THead and Handle then
            workspace.CurrentCamera.CameraSubject = Handle
        elseif THumanoid and TRootPart then
            workspace.CurrentCamera.CameraSubject = THumanoid
        end
        if not TCharacter:FindFirstChildWhichIsA("BasePart") then
            return
        end
        
        local FPos = function(BasePart, Pos, Ang)
            RootPart.CFrame = CFrame.new(BasePart.Position) * Pos * Ang
            Character:SetPrimaryPartCFrame(CFrame.new(BasePart.Position) * Pos * Ang)
            RootPart.Velocity = Vector3.new(9e7, 9e7 * 10, 9e7)
            RootPart.RotVelocity = Vector3.new(9e8, 9e8, 9e8)
        end
        
        local SFBasePart = function(BasePart)
            local TimeToWait = 2
            local Time = tick()
            local Angle = 0

            repeat
                if RootPart and THumanoid then
                    if BasePart.Velocity.Magnitude < 50 then
                        Angle = Angle + 100

                        FPos(BasePart, CFrame.new(0, 1.5, 0) + THumanoid.MoveDirection * BasePart.Velocity.Magnitude / 1.25, CFrame.Angles(math.rad(Angle),0 ,0))
                        task.wait()

                        FPos(BasePart, CFrame.new(0, -1.5, 0) + THumanoid.MoveDirection * BasePart.Velocity.Magnitude / 1.25, CFrame.Angles(math.rad(Angle), 0, 0))
                        task.wait()

                        FPos(BasePart, CFrame.new(2.25, 1.5, -2.25) + THumanoid.MoveDirection * BasePart.Velocity.Magnitude / 1.25, CFrame.Angles(math.rad(Angle), 0, 0))
                        task.wait()

                        FPos(BasePart, CFrame.new(-2.25, -1.5, 2.25) + THumanoid.MoveDirection * BasePart.Velocity.Magnitude / 1.25, CFrame.Angles(math.rad(Angle), 0, 0))
                        task.wait()

                        FPos(BasePart, CFrame.new(0, 1.5, 0) + THumanoid.MoveDirection,CFrame.Angles(math.rad(Angle), 0, 0))
                        task.wait()

                        FPos(BasePart, CFrame.new(0, -1.5, 0) + THumanoid.MoveDirection,CFrame.Angles(math.rad(Angle), 0, 0))
                        task.wait()
                    else
                        FPos(BasePart, CFrame.new(0, 1.5, THumanoid.WalkSpeed), CFrame.Angles(math.rad(90), 0, 0))
                        task.wait()

                        FPos(BasePart, CFrame.new(0, -1.5, -THumanoid.WalkSpeed), CFrame.Angles(0, 0, 0))
                        task.wait()

                        FPos(BasePart, CFrame.new(0, 1.5, THumanoid.WalkSpeed), CFrame.Angles(math.rad(90), 0, 0))
                        task.wait()
                        
                        FPos(BasePart, CFrame.new(0, 1.5, TRootPart.Velocity.Magnitude / 1.25), CFrame.Angles(math.rad(90), 0, 0))
                        task.wait()

                        FPos(BasePart, CFrame.new(0, -1.5, -TRootPart.Velocity.Magnitude / 1.25), CFrame.Angles(0, 0, 0))
                        task.wait()

                        FPos(BasePart, CFrame.new(0, 1.5, TRootPart.Velocity.Magnitude / 1.25), CFrame.Angles(math.rad(90), 0, 0))
                        task.wait()

                        FPos(BasePart, CFrame.new(0, -1.5, 0), CFrame.Angles(math.rad(90), 0, 0))
                        task.wait()

                        FPos(BasePart, CFrame.new(0, -1.5, 0), CFrame.Angles(0, 0, 0))
                        task.wait()

                        FPos(BasePart, CFrame.new(0, -1.5 ,0), CFrame.Angles(math.rad(-90), 0, 0))
                        task.wait()

                        FPos(BasePart, CFrame.new(0, -1.5, 0), CFrame.Angles(0, 0, 0))
                        task.wait()
                    end
                else
                    break
                end
            until BasePart.Velocity.Magnitude > 500 or BasePart.Parent ~= TargetPlayer.Character or TargetPlayer.Parent ~= Players or not TargetPlayer.Character == TCharacter or THumanoid.Sit or Humanoid.Health <= 0 or tick() > Time + TimeToWait
        end
        
        workspace.FallenPartsDestroyHeight = 0/0
        
        local BV = Instance.new("BodyVelocity")
        BV.Name = "EpixVel"
        BV.Parent = RootPart
        BV.Velocity = Vector3.new(9e8, 9e8, 9e8)
        BV.MaxForce = Vector3.new(1/0, 1/0, 1/0)
        
        Humanoid:SetStateEnabled(Enum.HumanoidStateType.Seated, false)
        
        if TRootPart and THead then
            if (TRootPart.CFrame.p - THead.CFrame.p).Magnitude > 5 then
                SFBasePart(THead)
            else
                SFBasePart(TRootPart)
            end
        elseif TRootPart and not THead then
            SFBasePart(TRootPart)
        elseif not TRootPart and THead then
            SFBasePart(THead)
        elseif not TRootPart and not THead and Accessory and Handle then
            SFBasePart(Handle)
        else
            return Message("Error Occurred", "Target is missing everything", 5)
        end
        
        BV:Destroy()
        Humanoid:SetStateEnabled(Enum.HumanoidStateType.Seated, true)
        workspace.CurrentCamera.CameraSubject = Humanoid
        
        repeat
            RootPart.CFrame = getgenv().OldPos * CFrame.new(0, .5, 0)
            Character:SetPrimaryPartCFrame(getgenv().OldPos * CFrame.new(0, .5, 0))
            Humanoid:ChangeState("GettingUp")
            table.foreach(Character:GetChildren(), function(_, x)
                if x:IsA("BasePart") then
                    x.Velocity, x.RotVelocity = Vector3.new(), Vector3.new()
                end
            end)
            task.wait()
        until (RootPart.Position - getgenv().OldPos.p).Magnitude < 25
        workspace.FallenPartsDestroyHeight = getgenv().FPDH
    else
        return Message("Error Occurred", "Random error", 5)
    end
end

if not Welcome then Message("script by AndRelpHUB", "Enjoy!", 5) end
getgenv().Welcome = true
if Targets[1] then for _,x in next, Targets do GetPlayer(x) end else return end

if AllBool then
    for _,x in next, Players:GetPlayers() do
        SkidFling(x)
    end
end

for _,x in next, Targets do
    if GetPlayer(x) and GetPlayer(x) ~= Player then
        if GetPlayer(x).UserId ~= 1414978355 then
            local TPlayer = GetPlayer(x)
            if TPlayer then
                SkidFling(TPlayer)
            end
        else
            Message("Error Occurred", "This user is whitelisted! (Owner)", 5)
        end
    elseif not GetPlayer(x) and not AllBool then
        Message("Error Occurred", "Username Invalid", 5)
    end
end
end)
